! s functions
 H          12          12
   0.000209999998333  1.0  0.0  0.0  0.0  0.0  0.0  0.0  0.0  0.0  0.0  0.0  0.0
   0.000705894315615  0.0  1.0  0.0  0.0  0.0  0.0  0.0  0.0  0.0  0.0  0.0  0.0
   0.002372794318944  0.0  0.0  1.0  0.0  0.0  0.0  0.0  0.0  0.0  0.0  0.0  0.0
   0.007975914515555  0.0  0.0  0.0  1.0  0.0  0.0  0.0  0.0  0.0  0.0  0.0  0.0
   0.026810251176357  0.0  0.0  0.0  0.0  1.0  0.0  0.0  0.0  0.0  0.0  0.0  0.0
   0.090120017528534  0.0  0.0  0.0  0.0  0.0  1.0  0.0  0.0  0.0  0.0  0.0  0.0
   0.302929580211639  0.0  0.0  0.0  0.0  0.0  0.0  1.0  0.0  0.0  0.0  0.0  0.0
   1.018267989158630  0.0  0.0  0.0  0.0  0.0  0.0  0.0  1.0  0.0  0.0  0.0  0.0
   3.422807455062866  0.0  0.0  0.0  0.0  0.0  0.0  0.0  0.0  1.0  0.0  0.0  0.0
  11.505430221557617  0.0  0.0  0.0  0.0  0.0  0.0  0.0  0.0  0.0  1.0  0.0  0.0
  38.674369812011719  0.0  0.0  0.0  0.0  0.0  0.0  0.0  0.0  0.0  0.0  1.0  0.0
 130.000091552734375  0.0  0.0  0.0  0.0  0.0  0.0  0.0  0.0  0.0  0.0  0.0  1.0
! p functions
 H           6           6
   0.009800000116229  1.0  0.0  0.0  0.0  0.0  0.0
   0.027483412995934  0.0  1.0  0.0  0.0  0.0  0.0
   0.077075295150280  0.0  0.0  1.0  0.0  0.0  0.0
   0.216152250766754  0.0  0.0  0.0  1.0  0.0  0.0
   0.606183826923370  0.0  0.0  0.0  0.0  1.0  0.0
   1.700000047683716  0.0  0.0  0.0  0.0  0.0  1.0
! d functions
 H           5           5
   0.002249999903142  1.0  0.0  0.0  0.0  0.0
   0.006429240573198  0.0  1.0  0.0  0.0  0.0
   0.018371172249317  0.0  0.0  1.0  0.0  0.0
   0.052494533360004  0.0  0.0  0.0  1.0  0.0
   0.150000005960464  0.0  0.0  0.0  0.0  1.0
  f functions
 H           4           4
   0.002000000094995  1.0  0.0  0.0  0.0
   0.007368064019829  0.0  1.0  0.0  0.0
   0.027144182473421  0.0  0.0  1.0  0.0
   0.100000016391277  0.0  0.0  0.0  1.0


