                    20                    20
                     1                     1 -5.286509858159695E-003
                     1                     2 -3.523707054378086E-002
                     1                     3 -0.229619425613759     
                     1                     4 -0.336299821401147     
                     1                     5  0.000000000000000E+000
                     1                     6  0.000000000000000E+000
                     1                     7 -3.477574840657812E-002
                     1                     8  0.000000000000000E+000
                     1                     9  0.000000000000000E+000
                     1                    10 -2.794532325666067E-002
                     1                    11 -5.286509858159798E-003
                     1                    12 -3.523707054378072E-002
                     1                    13 -0.229619425613757     
                     1                    14 -0.336299821401144     
                     1                    15  0.000000000000000E+000
                     1                    16  0.000000000000000E+000
                     1                    17  3.477574840657850E-002
                     1                    18  0.000000000000000E+000
                     1                    19  0.000000000000000E+000
                     1                    20  2.794532325666202E-002
                     2                     1 -3.964564220232896E-003
                     2                     2 -2.549722506995983E-002
                     2                     3 -0.198007290602452     
                     2                     4 -0.611804580843728     
                     2                     5  0.000000000000000E+000
                     2                     6  0.000000000000000E+000
                     2                     7  2.240534157504958E-002
                     2                     8  0.000000000000000E+000
                     2                     9  0.000000000000000E+000
                     2                    10  0.235447510195671     
                     2                    11  3.964564220233421E-003
                     2                    12  2.549722506995979E-002
                     2                    13  0.198007290602462     
                     2                    14  0.611804580843724     
                     2                    15  0.000000000000000E+000
                     2                    16  0.000000000000000E+000
                     2                    17  2.240534157505052E-002
                     2                    18  0.000000000000000E+000
                     2                    19  0.000000000000000E+000
                     2                    20  0.235447510195674     
                     3                     1  0.000000000000000E+000
                     3                     2  0.000000000000000E+000
                     3                     3  0.000000000000000E+000
                     3                     4  0.000000000000000E+000
                     3                     5 -4.854865339920675E-002
                     3                     6  3.245153329736059E-002
                     3                     7  0.000000000000000E+000
                     3                     8 -0.415637838615519     
                     3                     9  0.277826143777140     
                     3                    10  0.000000000000000E+000
                     3                    11  0.000000000000000E+000
                     3                    12  0.000000000000000E+000
                     3                    13  0.000000000000000E+000
                     3                    14  0.000000000000000E+000
                     3                    15 -4.854865339920590E-002
                     3                    16  3.245153329736044E-002
                     3                    17  0.000000000000000E+000
                     3                    18 -0.415637838615518     
                     3                    19  0.277826143777139     
                     3                    20  0.000000000000000E+000
                     4                     1  0.000000000000000E+000
                     4                     2  0.000000000000000E+000
                     4                     3  0.000000000000000E+000
                     4                     4  0.000000000000000E+000
                     4                     5  3.245153329736081E-002
                     4                     6  4.854865339920643E-002
                     4                     7  0.000000000000000E+000
                     4                     8  0.277826143777140     
                     4                     9  0.415637838615519     
                     4                    10  0.000000000000000E+000
                     4                    11  0.000000000000000E+000
                     4                    12  0.000000000000000E+000
                     4                    13  0.000000000000000E+000
                     4                    14  0.000000000000000E+000
                     4                    15  3.245153329736035E-002
                     4                    16  4.854865339920593E-002
                     4                    17  0.000000000000000E+000
                     4                    18  0.277826143777140     
                     4                    19  0.415637838615518     
                     4                    20  0.000000000000000E+000
                     5                     1  1.741191579782742E-003
                     5                     2 -3.385513816714981E-003
                     5                     3  0.140561430101921     
                     5                     4 -0.583217048243043     
                     5                     5  0.000000000000000E+000
                     5                     6  0.000000000000000E+000
                     5                     7  4.096899314595505E-002
                     5                     8  0.000000000000000E+000
                     5                     9  0.000000000000000E+000
                     5                    10   1.33213058329837     
                     5                    11  1.741191579782678E-003
                     5                    12 -3.385513816713638E-003
                     5                    13  0.140561430101919     
                     5                    14 -0.583217048243015     
                     5                    15  0.000000000000000E+000
                     5                    16  0.000000000000000E+000
                     5                    17 -4.096899314595117E-002
                     5                    18  0.000000000000000E+000
                     5                    19  0.000000000000000E+000
                     5                    20  -1.33213058329839     
                     6                     1  0.000000000000000E+000
                     6                     2  0.000000000000000E+000
                     6                     3  0.000000000000000E+000
                     6                     4  0.000000000000000E+000
                     6                     5  2.229205936764954E-002
                     6                     6 -1.231995013642999E-002
                     6                     7  0.000000000000000E+000
                     6                     8   1.57132731057267     
                     6                     9 -0.868411203962639     
                     6                    10  0.000000000000000E+000
                     6                    11  0.000000000000000E+000
                     6                    12  0.000000000000000E+000
                     6                    13  0.000000000000000E+000
                     6                    14  0.000000000000000E+000
                     6                    15 -2.229205936764834E-002
                     6                    16  1.231995013643084E-002
                     6                    17  0.000000000000000E+000
                     6                    18  -1.57132731057267     
                     6                    19  0.868411203962640     
                     6                    20  0.000000000000000E+000
                     7                     1  0.000000000000000E+000
                     7                     2  0.000000000000000E+000
                     7                     3  0.000000000000000E+000
                     7                     4  0.000000000000000E+000
                     7                     5  1.231995013643079E-002
                     7                     6  2.229205936764987E-002
                     7                     7  0.000000000000000E+000
                     7                     8  0.868411203962639     
                     7                     9   1.57132731057267     
                     7                    10  0.000000000000000E+000
                     7                    11  0.000000000000000E+000
                     7                    12  0.000000000000000E+000
                     7                    13  0.000000000000000E+000
                     7                    14  0.000000000000000E+000
                     7                    15 -1.231995013643041E-002
                     7                    16 -2.229205936764857E-002
                     7                    17  0.000000000000000E+000
                     7                    18 -0.868411203962639     
                     7                    19  -1.57132731057267     
                     7                    20  0.000000000000000E+000
                     8                     1  2.946857922031104E-003
                     8                     2  3.463548612284850E-002
                     8                     3  0.130782967201056     
                     8                     4   2.49164506246965     
                     8                     5  0.000000000000000E+000
                     8                     6  0.000000000000000E+000
                     8                     7  1.899364190896913E-002
                     8                     8  0.000000000000000E+000
                     8                     9  0.000000000000000E+000
                     8                    10   1.14753057123384     
                     8                    11 -2.946857922032517E-003
                     8                    12 -3.463548612284301E-002
                     8                    13 -0.130782967201063     
                     8                    14  -2.49164506246966     
                     8                    15  0.000000000000000E+000
                     8                    16  0.000000000000000E+000
                     8                    17  1.899364190896749E-002
                     8                    18  0.000000000000000E+000
                     8                    19  0.000000000000000E+000
                     8                    20   1.14753057123382     
                     9                     1  9.462764151287044E-003
                     9                     2 -1.166454527156642E-002
                     9                     3  0.845744131183435     
                     9                     4 -0.573845974428291     
                     9                     5  0.000000000000000E+000
                     9                     6  0.000000000000000E+000
                     9                     7  9.700254247570299E-002
                     9                     8  0.000000000000000E+000
                     9                     9  0.000000000000000E+000
                     9                    10 -0.437050802386760     
                     9                    11  9.462764151284114E-003
                     9                    12 -1.166454527156202E-002
                     9                    13  0.845744131183430     
                     9                    14 -0.573845974428311     
                     9                    15  0.000000000000000E+000
                     9                    16  0.000000000000000E+000
                     9                    17 -9.700254247569969E-002
                     9                    18  0.000000000000000E+000
                     9                    19  0.000000000000000E+000
                     9                    20  0.437050802386764     
                    10                     1 -1.139191076304556E-002
                    10                     2 -3.997762236844418E-003
                    10                     3  -1.14395284166299     
                    10                     4   3.58590837732379     
                    10                     5  0.000000000000000E+000
                    10                     6  0.000000000000000E+000
                    10                     7  0.161878618523269     
                    10                     8  0.000000000000000E+000
                    10                     9  0.000000000000000E+000
                    10                    10  0.876279829737554     
                    10                    11  1.139191076304551E-002
                    10                    12  3.997762236847360E-003
                    10                    13   1.14395284166299     
                    10                    14  -3.58590837732380     
                    10                    15  0.000000000000000E+000
                    10                    16  0.000000000000000E+000
                    10                    17  0.161878618523271     
                    10                    18  0.000000000000000E+000
                    10                    19  0.000000000000000E+000
                    10                    20  0.876279829737546     
                    11                     1  0.000000000000000E+000
                    11                     2  0.000000000000000E+000
                    11                     3  0.000000000000000E+000
                    11                     4  0.000000000000000E+000
                    11                     5  0.116038157952975     
                    11                     6  0.659890904186595     
                    11                     7  0.000000000000000E+000
                    11                     8 -4.425263958110690E-002
                    11                     9 -0.251657858595573     
                    11                    10  0.000000000000000E+000
                    11                    11  0.000000000000000E+000
                    11                    12  0.000000000000000E+000
                    11                    13  0.000000000000000E+000
                    11                    14  0.000000000000000E+000
                    11                    15  0.116038157952976     
                    11                    16  0.659890904186597     
                    11                    17  0.000000000000000E+000
                    11                    18 -4.425263958110864E-002
                    11                    19 -0.251657858595572     
                    11                    20  0.000000000000000E+000
                    12                     1  0.000000000000000E+000
                    12                     2  0.000000000000000E+000
                    12                     3  0.000000000000000E+000
                    12                     4  0.000000000000000E+000
                    12                     5  0.659890904186595     
                    12                     6 -0.116038157952975     
                    12                     7  0.000000000000000E+000
                    12                     8 -0.251657858595573     
                    12                     9  4.425263958110738E-002
                    12                    10  0.000000000000000E+000
                    12                    11  0.000000000000000E+000
                    12                    12  0.000000000000000E+000
                    12                    13  0.000000000000000E+000
                    12                    14  0.000000000000000E+000
                    12                    15  0.659890904186597     
                    12                    16 -0.116038157952976     
                    12                    17  0.000000000000000E+000
                    12                    18 -0.251657858595573     
                    12                    19  4.425263958110762E-002
                    12                    20  0.000000000000000E+000
                    13                     1 -4.793297128779968E-003
                    13                     2  1.967566764542902E-002
                    13                     3 -0.489573335523346     
                    13                     4  0.336235083451182     
                    13                     5  0.000000000000000E+000
                    13                     6  0.000000000000000E+000
                    13                     7  0.643880274792087     
                    13                     8  0.000000000000000E+000
                    13                     9  0.000000000000000E+000
                    13                    10 -0.361902674810160     
                    13                    11 -4.793297128779196E-003
                    13                    12  1.967566764542608E-002
                    13                    13 -0.489573335523336     
                    13                    14  0.336235083451173     
                    13                    15  0.000000000000000E+000
                    13                    16  0.000000000000000E+000
                    13                    17 -0.643880274792089     
                    13                    18  0.000000000000000E+000
                    13                    19  0.000000000000000E+000
                    13                    20  0.361902674810163     
                    14                     1  0.000000000000000E+000
                    14                     2  0.000000000000000E+000
                    14                     3  0.000000000000000E+000
                    14                     4  0.000000000000000E+000
                    14                     5  8.397430849909357E-002
                    14                     6 -0.861938416706137     
                    14                     7  0.000000000000000E+000
                    14                     8 -5.148164852722457E-002
                    14                     9  0.528423650210303     
                    14                    10  0.000000000000000E+000
                    14                    11  0.000000000000000E+000
                    14                    12  0.000000000000000E+000
                    14                    13  0.000000000000000E+000
                    14                    14  0.000000000000000E+000
                    14                    15 -8.397430849909299E-002
                    14                    16  0.861938416706135     
                    14                    17  0.000000000000000E+000
                    14                    18  5.148164852722393E-002
                    14                    19 -0.528423650210302     
                    14                    20  0.000000000000000E+000
                    15                     1  0.000000000000000E+000
                    15                     2  0.000000000000000E+000
                    15                     3  0.000000000000000E+000
                    15                     4  0.000000000000000E+000
                    15                     5  0.861938416706138     
                    15                     6  8.397430849909325E-002
                    15                     7  0.000000000000000E+000
                    15                     8 -0.528423650210306     
                    15                     9 -5.148164852722370E-002
                    15                    10  0.000000000000000E+000
                    15                    11  0.000000000000000E+000
                    15                    12  0.000000000000000E+000
                    15                    13  0.000000000000000E+000
                    15                    14  0.000000000000000E+000
                    15                    15 -0.861938416706137     
                    15                    16 -8.397430849909372E-002
                    15                    17  0.000000000000000E+000
                    15                    18  0.528423650210305     
                    15                    19  5.148164852722370E-002
                    15                    20  0.000000000000000E+000
                    16                     1 -5.648766167131638E-003
                    16                     2  4.242119915195960E-003
                    16                     3 -0.633184965917174     
                    16                     4  -1.43541300216625     
                    16                     5  0.000000000000000E+000
                    16                     6  0.000000000000000E+000
                    16                     7  -1.52849563494680     
                    16                     8  0.000000000000000E+000
                    16                     9  0.000000000000000E+000
                    16                    10 -0.246998235938467     
                    16                    11  5.648766167136285E-003
                    16                    12 -4.242119915206149E-003
                    16                    13  0.633184965917185     
                    16                    14   1.43541300216625     
                    16                    15  0.000000000000000E+000
                    16                    16  0.000000000000000E+000
                    16                    17  -1.52849563494680     
                    16                    18  0.000000000000000E+000
                    16                    19  0.000000000000000E+000
                    16                    20 -0.246998235938469     
                    17                     1 -2.433212674919634E-002
                    17                     2   1.02689799737795     
                    17                     3 -0.892552997452545     
                    17                     4  0.284551694898809     
                    17                     5  0.000000000000000E+000
                    17                     6  0.000000000000000E+000
                    17                     7  5.288428704406540E-002
                    17                     8  0.000000000000000E+000
                    17                     9  0.000000000000000E+000
                    17                    10  2.788948996883214E-002
                    17                    11 -2.433212674919434E-002
                    17                    12   1.02689799737795     
                    17                    13 -0.892552997452543     
                    17                    14  0.284551694898819     
                    17                    15  0.000000000000000E+000
                    17                    16  0.000000000000000E+000
                    17                    17 -5.288428704406989E-002
                    17                    18  0.000000000000000E+000
                    17                    19  0.000000000000000E+000
                    17                    20 -2.788948996883548E-002
                    18                     1 -2.909208656946486E-002
                    18                     2   1.12600996496383     
                    18                     3  -1.49440656123733     
                    18                     4   1.21040347211116     
                    18                     5  0.000000000000000E+000
                    18                     6  0.000000000000000E+000
                    18                     7 -0.379683662426123     
                    18                     8  0.000000000000000E+000
                    18                     9  0.000000000000000E+000
                    18                    10  0.275673737741229     
                    18                    11  2.909208656946774E-002
                    18                    12  -1.12600996496383     
                    18                    13   1.49440656123734     
                    18                    14  -1.21040347211117     
                    18                    15  0.000000000000000E+000
                    18                    16  0.000000000000000E+000
                    18                    17 -0.379683662426120     
                    18                    18  0.000000000000000E+000
                    18                    19  0.000000000000000E+000
                    18                    20  0.275673737741225     
                    19                     1  0.888430439912393     
                    19                     2 -0.686438116078639     
                    19                     3  0.332167200605917     
                    19                     4 -9.596478104690102E-002
                    19                     5  0.000000000000000E+000
                    19                     6  0.000000000000000E+000
                    19                     7 -1.484546202819352E-002
                    19                     8  0.000000000000000E+000
                    19                     9  0.000000000000000E+000
                    19                    10 -9.747386587654316E-003
                    19                    11  0.888430439912396     
                    19                    12 -0.686438116078639     
                    19                    13  0.332167200605912     
                    19                    14 -9.596478104690502E-002
                    19                    15  0.000000000000000E+000
                    19                    16  0.000000000000000E+000
                    19                    17  1.484546202819777E-002
                    19                    18  0.000000000000000E+000
                    19                    19  0.000000000000000E+000
                    19                    20  9.747386587655631E-003
                    20                     1 -0.893131467728524     
                    20                     2  0.734051134131850     
                    20                     3 -0.523915436564591     
                    20                     4  0.415856089187170     
                    20                     5  0.000000000000000E+000
                    20                     6  0.000000000000000E+000
                    20                     7 -0.102318859018800     
                    20                     8  0.000000000000000E+000
                    20                     9  0.000000000000000E+000
                    20                    10  9.387329221587312E-002
                    20                    11  0.893131467728521     
                    20                    12 -0.734051134131851     
                    20                    13  0.523915436564597     
                    20                    14 -0.415856089187174     
                    20                    15  0.000000000000000E+000
                    20                    16  0.000000000000000E+000
                    20                    17 -0.102318859018799     
                    20                    18  0.000000000000000E+000
                    20                    19  0.000000000000000E+000
                    20                    20  9.387329221587251E-002
